&IN
 BF=  1.0000000000000000     ,
 BD= 0.10000000000000001     ,
 ZETA= 5.44617019999999981E-004,
 TAU= 5.44617019999999981E-004,
 ZD= -1.0000000000000000     ,
 HDI=  79.000000000000000     ,
 HDF=  79.000000000000000     ,
 NHD=          1,
 TOL= 1.00000000000000002E-008,
 KD=-0.29999999999999999     ,
 ZETAD= -1.0000000000000000     ,
 TAUD=  1.0000000000000000     ,
 ZMAX=  10.000000000000000     ,
 S=  4.0000000000000000     ,
 NMAX=         10,
 /
   1.0000000000000000     
  0.10000000000000001     
  5.44617019999999981E-004
  5.44617019999999981E-004
  -1.0000000000000000     
   78.000000000000000     
   79.000000000000000     
           1
  1.00000000000000002E-008
 -0.29999999999999999     
  -1.0000000000000000     
   1.0000000000000000     
   10.000000000000000     
   4.0000000000000000     
          10
        1024
   11.547005383792516     
  1.12763724451098793E-002
   10.000000000000000     
  9.76562500000000000E-003
 hd =    79.000000000000000     
  4.77408139603085271E-002
  4.07437612365227075E-002
  4.11433693918608831E-002
  4.01088035110041541E-002
  4.06356853976416535E-002
  3.98580787562064984E-002
  4.02560148407448415E-002
  3.94934980569263405E-002
  3.98355969694017820E-002
  3.90821272804650066E-002
  3.94006126187769756E-002
  3.86591876125219752E-002
  3.89642887631373031E-002
  3.82360720370013701E-002
  3.85309360176725110E-002
  3.78161461387836878E-002
  3.81018341393901602E-002
  3.74003599494105166E-002
  3.76773305356604624E-002
  3.69889563480734415E-002
  3.72574925360614068E-002
  3.65819728931838645E-002
  3.68423041408137975E-002
  3.61793878388746090E-002
  3.64317248856286802E-002
  3.57811625195800925E-002
  3.60257073963517263E-002
  3.53872536498417642E-002
  3.56242026117151792E-002
  3.49976168946022625E-002
  3.52271613325497585E-002
  3.46122079053584331E-002
  3.48345346785666268E-002
  3.42309826200644582E-002
  3.44462742207675490E-002
  3.38538973489365194E-002
  3.40623320176800873E-002
  3.34809087978904310E-002
  3.36826606231226192E-002
  3.31119740737933557E-002
  3.33072130855219459E-002
  3.27470506843930836E-002
  3.29359429447648178E-002
  3.23860965366513237E-002
  3.25688042282810189E-002
  3.20290699345889551E-002
  3.22057514469395317E-002
  3.16759295769853261E-002
  3.18467395908585138E-002
  3.13266345549701869E-002
  3.14917241252187924E-002
  3.09811443496082334E-002
  3.11406609860610806E-002
  3.06394188294242496E-002
  3.07935065760947466E-002
  3.03014182479220198E-002
  3.04502177605160754E-002
  2.99671032410543346E-002
  3.01107518628241991E-002
  2.96364348246973830E-002
  2.97750666606593148E-002
  2.93093743920765093E-002
  2.94431203816434978E-002
  2.89858837111872103E-002
  2.91148716992349517E-002
  2.86659249221997529E-002
  2.87902797286020452E-002
  2.83494605348326399E-002
  2.84693040225022058E-002
  2.80364534257244238E-002
  2.81519045671806030E-002
  2.77268668358065344E-002
  2.78380417783000399E-002
  2.74206643675711619E-002
  2.75276764968113118E-002
  2.71178099825056529E-002
  2.72207699849956290E-002
  2.68182679983439802E-002
  2.69172839223683867E-002
  2.65220030863982312E-002
  2.66171804016844156E-002
  2.62289802688601345E-002
  2.63204219249435004E-002
  2.59391649161007133E-002
  2.60269713994220712E-002
  2.56525227439638737E-002
  2.57367921337136110E-002
  2.53690198110570267E-002
  2.54498478338111983E-002
  2.50886225160340884E-002
  2.51661025991934025E-002
  2.48112975948863168E-002
  2.48855209189440506E-002
  2.45370121182236153E-002
  2.46080676678930681E-002
  2.42657334885588716E-002
  2.43337081027809564E-002
  2.39974294375941144E-002
  2.40624078584417804E-002
  2.37320680235036559E-002
  2.37941329440279903E-002
  2.34696176282303860E-002
  2.35288497392372696E-002
  2.32100469547757010E-002
  2.32665249905870987E-002
  2.29533250244957736E-002
  2.30071258076941371E-002
  2.26994211744036105E-002
  2.27506196596008736E-002
  2.24483050544793186E-002
  2.24969743711098576E-002
  2.21999466249796114E-002
  2.22461581191592192E-002
  2.19543161537641800E-002
  2.19981394292120096E-002
  2.17113842136191573E-002
  2.17528871716871804E-002
  2.14711216795952821E-002
  2.15103705584039455E-002
  2.12334997263528627E-002
  2.12705591390624886E-002
  2.09984898255106134E-002
  2.10334227977480200E-002
  2.07660637430224469E-002
  2.07989317494633175E-002
  2.05361935365301618E-002
  2.05670565366932699E-002
  2.03088515527690312E-002
  2.03377680259882489E-002
  2.00840104249468410E-002
  2.01110374045865813E-002
  1.98616430701586619E-002
  1.98868361770560033E-002
  1.96417226868122290E-002
  1.96651361619755716E-002
  1.94242227520139490E-002
  1.94459094885985027E-002
  1.92091170190803878E-002
  1.92291285936452699E-002
  1.89963795149472280E-002
  1.90147662180148030E-002
  1.87859845376488269E-002
  1.88027954035829836E-002
  1.85779066538026456E-002
  1.85931894900167906E-002
  1.83721206961014911E-002
  1.83859221116175753E-002
  1.81686017608255826E-002
  1.81809671941878873E-002
  1.79673252053658659E-002
  1.79782989519316622E-002
  1.77682666457608072E-002
  1.77778918843826579E-002
  1.75714019542530554E-002
  1.75797207733545784E-002
  1.73767072568534707E-002
  1.73837606799260302E-002
  1.71841589309255048E-002
  1.71899869414506475E-002
  1.69937336027853256E-002
  1.69983751685937219E-002
  1.68054081453130055E-002
  1.68089012423988660E-002
  1.66191596755837709E-002
  1.66215413113803487E-002
  1.64349655525106546E-002
  1.64362717886426049E-002
  1.62528033745091768E-002
  1.62530693490321454E-002
  1.60726509771699083E-002
  1.60719109263064916E-002
  1.58944864309565996E-002
  1.58927737103425684E-002
  1.57182880389095218E-002
  1.57156351443615352E-002
  1.55440343343785647E-002
  1.55404729221869636E-002
  1.53717040787557518E-002
  1.53672649855276892E-002
  1.52012762592446671E-002
  1.51959895212845832E-002
  1.50327300866261431E-002
  1.50266249588908492E-002
  1.48660449930548763E-002
  1.48591499676700451E-002
  1.47012006298672220E-002
  1.46935434542266007E-002
  1.45381768654060748E-002
  1.45297845598597805E-002
  1.43769537828617160E-002
  1.43678526580024099E-002
  1.42175116781321203E-002
  1.42077273516864888E-002
  1.40598310576968179E-002
  1.40493884710378557E-002
  1.39038926365165037E-002
  1.38928160707926032E-002
  1.37496773359128566E-002
  1.37379904278164509E-002
  1.35971662815404688E-002
  1.35848920387136880E-002
  1.34463408012981539E-002
  1.34335016173859501E-002
  1.32971824232956636E-002
  1.32838000926584609E-002
  1.31496728738301621E-002
  1.31357686059198654E-002
  1.30037940753819081E-002
  1.29893885087864463E-002
  1.28595281446196273E-002
  1.28446413607896555E-002
  1.27168573904316694E-002
  1.27015089270911680E-002
  1.25757643119660360E-002
  1.25599731762170326E-002
  1.24362315966916777E-002
  1.24200162778190966E-002
  1.22982421184768074E-002
  1.22816206004559333E-002
  1.21617789356794001E-002
  1.21447687094016574E-002
  1.20268252892590122E-002
  1.20094433644725943E-002
  1.18933646009015750E-002
  1.18756275178815394E-002
  1.17613804711647306E-002
  1.17433043121103840E-002
  1.16308566776336612E-002
  1.16124570778090991E-002
  1.15017771731001032E-002
  1.14830693317120366E-002
  1.13741260837517694E-002
  1.13551247745822658E-002
  1.12478877073811205E-002
  1.12286072891715823E-002
  1.11230465116095075E-002
  1.11035009382067437E-002
  1.09995871321281156E-002
  1.09797899623944924E-002
  1.08774943709515019E-002
  1.08574587784497096E-002
  1.07567531946949277E-002
  1.07364919771437087E-002
  1.06373487328562649E-002
  1.06168743213721061E-002
  1.05192662761239147E-002
  1.04985907442459673E-002
  1.04024912746950582E-002
  1.03816263472006152E-002
  1.02870093366100694E-002
  1.02659663981289374E-002
  1.01728062261044298E-002
  1.01515963295275725E-002
  1.00598678619717840E-002
  1.00385017366721261E-002
  9.94818031594922950E-003
  9.92666837580551478E-003
  9.83772981111787417E-003
  9.81608216235198804E-003
  9.72850272028787273E-003
  9.70672916912640633E-003
  9.62048556446735981E-003
  9.59859562461471902E-003
  9.51366501127369653E-003
  9.49166791122022999E-003
  9.40802787340033406E-003
  9.38593256355386117E-003
  9.30356110708713963E-003
  9.28137626673994354E-003
  9.20025181060481374E-003
  9.17798585473870651E-003
  9.09808722275818119E-003
  9.07574830868965177E-003
  8.99705472139856674E-003
  8.97465075526773445E-003
  8.89714182195543851E-003
  8.87468046506476559E-003
  8.79833617597853244E-003
  8.77582485098102848E-003
  8.70062556969785836E-003
  8.67807146664107375E-003
  8.60399792259410913E-003
  8.58140800482207547E-003
  8.50844128598401972E-003
  8.48582229590109580E-003
  8.41394384162290863E-003
  8.39130230632111410E-003
  8.32049390031622781E-003
  8.29783613707030590E-003
  8.22807990054792021E-003
  8.20541202218135618E-003
  8.13669040712031513E-003
  8.11401832724388365E-003
  8.04631410980928205E-003
  8.02364354793742157E-003
  7.95693982203142351E-003
  7.93427630857729965E-003
  7.86855647952668276E-003
  7.84590536067800680E-003
  7.78115313905122091E-003
  7.75851958153054352E-003
  7.69471897708388745E-003
  7.67210797280028223E-003
  7.60924328854900578E-003
  7.58665965913160253E-003
  7.52471548554486339E-003
  7.50216388677795581E-003
  7.44112509609556536E-003
  7.41861002223992341E-003
  7.35846176290378025E-003
  7.33598755092208961E-003
  7.27671524212556483E-003
  7.25428607580354094E-003
  7.19587540215099308E-003
  7.17349531611984406E-003
  7.11593222240187659E-003
  7.09360510606667216E-003
  7.03687579213893924E-003
  7.01460539351336614E-003
  6.95869630928526526E-003
  6.93648623873346047E-003
  6.88138407924367840E-003
  6.85923781313222108E-003
  6.80492951376206103E-003
  6.78285039802618492E-003
  6.72932312977603513E-003
  6.70731438340023238E-003
  6.65455554827930080E-003
  6.63262026669189306E-003
  6.58061749320271519E-003
  6.55875865159136033E-003
  6.50749979030344674E-003
  6.48572024685094457E-003
  6.43519336606982774E-003
  6.41349586511080327E-003
  6.36368924663214229E-003
  6.34207642173302728E-003
  6.29297855668829210E-003
  6.27145293365549954E-003
  6.22305251843815847E-003
  6.20161651825147566E-003
  6.15390245053216468E-003
  6.13255839220770704E-003
  6.08551976702720061E-003
  6.06426987041112659E-003
  6.01789597635454549E-003
  5.99674236484922830E-003
  5.95102268029988613E-003
  5.92996738352380426E-003
  5.88489157299226882E-003
  5.86393652937499191E-003
  5.81949443990523174E-003
  5.79864149921889647E-003
  5.75482315686518496E-003
  5.73407408269559476E-003
  5.69086968907360144E-003
  5.67022616123032987E-003
  5.62762609013874645E-003
  5.60708970700543076E-003
  5.56508450111511087E-003
  5.54465678194343906E-003
  5.50323714955505260E-003
  5.48291953670243439E-003
  5.44207634857074227E-003
  5.42187020968227379E-003
  5.38159449590417879E-003
  5.36150112604226025E-003
  5.32178407300831161E-003
  5.30180469672836101E-003
  5.26263764413690410E-003
  5.24277341751426280E-003
  5.20414785544502743E-003
  5.18439986804818034E-003
  5.14630743409763298E-003
  5.12667671091654713E-003
  5.08910918738926434E-003
  5.06959669071347079E-003
  5.03254600187114445E-003
  5.01315263312287866E-003
  4.97661084248905011E-003
  4.95733744400955571E-003
  4.92129675173248043E-003
  4.90214410852431344E-003
  4.86659684877710150E-003
  4.84756569020430850E-003
  4.81250432866918952E-003
  4.79359533011245072E-003
  4.75901246148403931E-003
  4.74022624595770315E-003
  4.70611459151309801E-003
  4.68745173123944793E-003
  4.65380413645379628E-003
  4.63526515439775799E-003
  4.60207458660777131E-003
  4.58365995797473027E-003
  4.55091950408918929E-003
  4.53262965778503026E-003
  4.50033252204239641E-003
  4.48216784209423853E-003
  4.45030734386349987E-003
  4.43226817080767058E-003
  4.40083774243562632E-003
  4.38292437466845063E-003
  4.35191755936725332E-003
  4.33413025446366829E-003
  4.30354070424411161E-003
  4.28587968024043021E-003
  4.25570115388346736E-003
  4.23816659052886520E-003
  4.20839295160024308E-003
  4.19098499157654920E-003
  4.16161020647962208E-003
  4.14432895658932259E-003
  4.11534709265757529E-003
  4.09819262498280906E-003
  4.06959784860975570E-003
  4.05257020163886806E-003
  4.02435677644528630E-003
  4.00745595617324479E-003
  3.97961824121260271E-003
  3.96284422221166843E-003
  3.93537667020823437E-003
  3.91872939667181012E-003
  3.89162655229673008E-003
  3.87510593905568412E-003
  3.84836243723485480E-003
  3.83196837074714332E-003
  3.80557893500547756E-003
  3.78931127432111971E-003
  3.76327071515653510E-003
  3.74712929285621072E-003
  3.72143250614817090E-003
  3.70541712926008345E-003
  3.68005909470801211E-003
  3.66416954559611874E-003
  3.63914532519048510E-003
  3.62338136242438841E-003
  3.59868609894561237E-003
  3.58304745814431525E-003
  3.55867637369390848E-003
  3.54316276834887745E-003
  3.51911116290705211E-003
  3.50372228518259707E-003
  3.47998553519816151E-003
  3.46472105671194030E-003
  3.44129461370941154E-003
  3.42615418629115898E-003
  3.40303357552442605E-003
  3.38801683195427651E-003
  3.36519765106758906E-003
  3.35030420579664158E-003
  3.32778212352122064E-003
  3.31301157337004094E-003
  3.29078232824557733E-003
  3.27613425308585305E-003
  3.25419365220451680E-003
  3.23966761562328271E-003
  3.21801153340039222E-003
  3.20360708334224220E-003
  3.18223146031070383E-003
  3.16794812970819933E-003
  3.14684897133517098E-003
  3.13268627871765570E-003
  3.11185965424584567E-003
  3.09781710433457537E-003
  3.07725914564493420E-003
  3.06333622992913676E-003
  3.04304313042596608E-003
  3.02923932772691546E-003
  3.00920734124515655E-003
  2.99552211826179318E-003
  2.97574755799430608E-003
  2.96218036983327340E-003
  2.94265960728029921E-003
  2.92920989797508958E-003
  2.90993936191278908E-003
  2.89660656492488761E-003
  2.87758274039452136E-003
  2.86436627910134287E-003
  2.84558570641776400E-003
  2.83248499458912993E-003
  2.81394426836941661E-003
  2.80095871062733225E-003
  2.78265447883546246E-003
  2.76978347110362188E-003
  2.75171243411566086E-003
  2.73895536405544720E-003
  2.72111427374254400E-003
  2.70847052117610112E-003
  2.69085618000464892E-003
  2.67832511732578413E-003
  2.66093437747484804E-003
  2.64851537005025362E-003
  2.63134513254604727E-003
  2.61903753910206188E-003
  2.60208475296739390E-003
  2.58988792596823994E-003
  2.57314958739231041E-003
  2.56106287340522772E-003
  2.54453602492390064E-003
  2.53255876497528133E-003
  2.51624049467162950E-003
  2.50437202459226566E-003
  2.48825946530839342E-003
  2.47649911606763300E-003
  2.46058944463633817E-003
  2.44893654266854083E-003
  2.43322697915055505E-003
  2.42168084666969817E-003
  2.40616865361854533E-003
  2.39472860892457010E-003
  2.37941109065455429E-003
  2.36807644843139856E-003
  2.35295095030280642E-003
  2.34172102190493940E-003
  2.32678492962464694E-003
  2.31565902335728125E-003
  2.30090976228814479E-003
  2.28988718367892493E-003
  2.27532221816704452E-003
  2.26440227022714794E-003
  2.25001910293895187E-003
  2.23920108641804906E-003
  2.22499725769050027E-003
  2.21428047132549762E-003
  2.20025355852734687E-003
  2.18963729927942885E-003
  2.17578491618669947E-003
  2.16526847947397585E-003
  2.15158827565583568E-003
  2.14117095557701635E-003
  2.12766061579222924E-003
  2.11734170534487020E-003
  2.10399894895121811E-003
  2.09377774024156142E-003
  2.08060032061488940E-003
  2.07047610506190223E-003
  2.05746180902612518E-003
  2.04743387755798936E-003
  2.03458052482703884E-003
  2.02464816807285727E-003
  2.01195361070136526E-003
  2.00211611917535054E-003
  1.98957824102019478E-003
  1.97983490530002958E-003
  1.96745162149128969E-003
  1.95780173239040864E-003
  1.94557098881323592E-003
  1.93601383754827910E-003
  1.92393361033274795E-003
  1.91446848868426396E-003
  1.90253678370582791E-003
  1.89316298417447379E-003
  1.88137783656323909E-003
  1.87209465251964675E-003
  1.86045412617837514E-003
  1.85126085200882349E-003
  1.83976303914024498E-003
  1.83065897038679846E-003
  1.81930199102802738E-003
  1.81028642452408812E-003
  1.79906842609320479E-003
  1.79014066009294728E-003
  1.77905981693842591E-003
  1.77021915124382645E-003
  1.75927366420804837E-003
  1.75051940029031790E-003
  1.73970749627636034E-003
  1.73103893739141998E-003
  1.72035886893790444E-003
  1.71177532024078378E-003
  1.70122536511020683E-003
  1.69272613376195125E-003
  1.68230459452862395E-003
  1.67388898980134907E-003
  1.66359419345211089E-003
  1.65526152682954081E-003
  1.64509182436888457E-003
  1.63684140964248030E-003
  1.62679517570601690E-003
  1.61862632906754748E-003
  1.60870196154301484E-003
  1.60061400167492516E-003
  1.59080992132805432E-003
  1.58280216948710915E-003
  1.57311681959598857E-003
  1.56518859969685415E-003
  1.55562044569176688E-003
  1.54777108438540500E-003
  1.53831861349606309E-003
  1.53054744024486307E-003
  1.52120916115275253E-003
  1.51351550830299778E-003
  1.50428995080058000E-003
  1.49667315365183779E-003
  1.48755886830810894E-003
  1.48001826517877352E-003
  1.47101382300980307E-003
  1.46354875530120359E-003
  1.45465274744765267E-003
  1.44726255970389016E-003
  1.43847359711270781E-003
  1.43115763707879549E-003
  1.42247435019251644E-003
  1.41523196886803124E-003
  1.40665300731817548E-003
  1.39948355901154948E-003
  1.39100759131708870E-003
  1.38391043369359224E-003
  1.37553614696637560E-003
  1.36851064109651732E-003
  1.36023674075006688E-003
  1.35328225115459726E-003
  1.34510746061846211E-003
  1.33822335530958789E-003
  1.33014641575002982E-003
  1.32333206627299315E-003
  1.31535173631712118E-003
  1.30860651778844702E-003
  1.30072157325256945E-003
  1.29404486439543939E-003
  1.28625409802052217E-003
  1.27964528119844630E-003
  1.27194750238751142E-003
  1.26540596363689428E-003
  1.25779999819931746E-003
  1.25132512725935644E-003
  1.24380981715729107E-003
  1.23740100749743687E-003
  1.22997521059917733E-003
  1.22363185944515023E-003
  1.21629444927840369E-003
  1.21001595763810016E-003
  1.20276582315423939E-003
  1.19655159583845292E-003
  1.18938764117497973E-003
  1.18323708681995635E-003
  1.17615823106890865E-003
  1.17007076215473412E-003
  1.16307593913545274E-003
  1.15705097200383415E-003
  1.15013913003972628E-003
  1.14417608491065837E-003
  1.13734618660942975E-003
  1.13144448759625862E-003
  1.12469550963257810E-003
  1.11885458475426938E-003
  1.11218551765938098E-003
  1.10640479885262713E-003
  1.09981464680390575E-003
  1.09409356993453379E-003
  1.08758135055039840E-003
  1.08191935542155653E-003
  1.07548409956098340E-003
  1.06988062992164549E-003
  1.06352138148414657E-003
  1.05797588503574831E-003
  1.05169170076726691E-003
  1.04620362916927776E-003
  1.03999357847011655E-003
  1.03456238734385289E-003
  1.02842555208019180E-003
  1.02305070101270617E-003
  1.01698617533080900E-003
  1.01166712787652876E-003
  1.00567401802105190E-003
  1.00041024170403133E-003
  9.94487665838159410E-004
  9.89278632150215106E-004
  9.83425720179623847E-004
  9.78270904581024720E-004
  9.72486797980604066E-004
  9.67385679897525617E-004
  9.61669531541038138E-004
  9.56621594363492398E-004
  9.50972568354827193E-004
  9.45977299432034261E-004
  9.40394570941789176E-004
  9.35451461578677961E-004
  9.29934216681003859E-004
  9.25042762131523307E-004
  9.19590197644922424E-004
  9.14749897107921227E-004
  9.09361220438200920E-004
  9.04571577048768317E-004
  8.99246006035130433E-004
  8.94506526858024971E-004
  8.89243289620257637E-004
  8.84553485640911978E-004
  8.79351820431693073E-004
  8.74711206547599900E-004
  8.69570361604098726E-004
  8.64978456614591920E-004
  8.59897690013798253E-004
  8.55354016610699805E-004
  8.50332596129307135E-004
  8.45836680884858028E-004
  8.40873883857654611E-004
  8.36425257213856458E-004
  8.31520370396123150E-004
  8.27118566651999254E-004
  8.22270886084927165E-004
  8.17915443384105369E-004
  8.13124274262000510E-004
  8.08814734579555643E-004
  8.04079391116800700E-004
  7.99815300245552865E-004
  7.95135105549812362E-004
  7.90916013085990748E-004
  7.86290299030140746E-004
  7.82115758358940642E-004
  7.77543865457016388E-004
  7.73413433736948731E-004
  7.68894711020277162E-004
  7.64807949168256631E-004
  7.60341754065442998E-004
  7.56298226741187758E-004
  7.51883924959246739E-004
  7.47883200547832974E-004
  7.43520165953612841E-004
  7.39561816548527269E-004
  7.35249431055598327E-004
  7.31333032443522071E-004
  7.27070685897754951E-004
  7.23195817540297440E-004
  7.18982907608067107E-004
  7.15149152622511735E-004
  7.10985084680714613E-004
  7.07192029824261917E-004
  7.03076216852937912E-004
  6.99323452501988746E-004
  6.95255314977179847E-004
  6.91542435110785252E-004
  6.87521400900182591E-004
  6.83848003080310776E-004
  6.79873507340251083E-004
  6.76239192692025884E-004
  6.72310677765645438E-004
  6.68715050958797793E-004
  6.64831966276236384E-004
  6.61274635505214640E-004
  6.57436437484632138E-004
  6.53917014447577961E-004
  6.50123166399876255E-004
  6.46641266280763597E-004
  6.42891238312655886E-004
  6.39446479758991543E-004
  6.35739748679548878E-004
  6.32331753783298449E-004
  6.28667803012350154E-004
  6.25296197287902172E-004
  6.21674516763535403E-004
  6.18338929128442656E-004
  6.14759015219443639E-004
  6.11459077972358674E-004
  6.07920433387191877E-004
  6.04655782187318988E-004
  6.01157915889725340E-004
  5.97928189735072229E-004
  5.94470616857720982E-004
  5.91275458064533725E-004
  5.87857699824132678E-004
  5.84696754004507377E-004
  5.81318337619944852E-004
  5.78191253661347495E-004
  5.74851712271099336E-004
  5.71758142313444784E-004
  5.68457014895493336E-004
  5.65396614310996947E-004
  5.62133445603452608E-004
  5.59105872973206155E-004
  5.55880213396310087E-004
  5.52885130488918637E-004
  5.49696536068249703E-004
  5.46733607818895243E-004
  5.43581640109434328E-004
  5.40650534596520747E-004
  5.37534760608844673E-004
  5.34635149032106852E-004
  5.31555141157561946E-004
  5.28686697817062380E-004
  5.25642033756135141E-004
  5.22804436028890054E-004
  5.19794698720301199E-004
  5.16987627038665567E-004
  5.14012404589524966E-004
  5.11235542419533951E-004
  5.08294428033949385E-004
  5.05547461851400836E-004
  5.02640053764582574E-004
  4.99922673035256082E-004
  4.97048574445960352E-004
  4.94360471601637736E-004
  4.91519290605316335E-004
  4.88860161021943424E-004
  4.86051510546219436E-004
  4.83421052522237527E-004
  4.80644550262198831E-004
  4.78042464995403267E-004
  4.75297733350603564E-004
  4.72723724917749669E-004
  4.70010390930419419E-004
  4.67464166262715030E-004
  4.64781861555329894E-004
  4.62263130418047756E-004
  4.59611491133823079E-004
  4.57119966103996253E-004
  4.54498632846265583E-004
  4.52034029290159520E-004
  4.49442647064491002E-004
  4.47004683115422659E-004
  4.44442901270445453E-004
  4.42031297807434485E-004
  4.39498769980320794E-004
  4.37113250606526783E-004
  4.34609634664282905E-004
  4.32249925683629251E-004
  4.29774883667944979E-004
  4.27440714064944503E-004
  4.24993912138957059E-004
  4.22685013556405953E-004
  4.20266121950143591E-004
  4.17982228666521492E-004
  4.15590921623263786E-004
  4.13331770532925622E-004
  4.10967726257464633E-004
  4.08733056847446392E-004
  4.06395957455105367E-004
  4.04185511784843122E-004
  4.01875043249502826E-004
  3.99688565928516058E-004
  3.97404418033549202E-004
  3.95241656200835754E-004
  3.92983522489250448E-004
  3.90844225791703585E-004
  3.88611803517214160E-004
  3.86495724088179598E-004
  3.84288714168187090E-004
  3.82195606607307729E-004
  3.80013713574695272E-004
  3.77943334926341703E-004
  3.75786266883085425E-004
  3.73738376614959845E-004
  3.71605845186717329E-004
  3.69580205169859287E-004
  3.67471925459990128E-004
  3.65468299948610198E-004
  3.63383990493798743E-004
  3.61402146103041537E-004
  3.59341528829736838E-004
  3.57381234516418315E-004
  3.55344034696246965E-004
  3.53405061737495048E-004
  3.51391007945022404E-004
  3.49473129918943652E-004
  3.47481953990189975E-004
  3.45584946755626767E-004
  3.43616383745835223E-004
  3.41740025421538563E-004
  3.39793813563491712E-004
  3.37937884509033630E-004
  3.36013765174424713E-004
  3.34178047969004499E-004
  3.32275765625999868E-004
  3.30460045050387985E-004
  3.28579347227103203E-004
  3.26783410242582287E-004
  3.24924047485755814E-004
  3.23147683215022346E-004
  3.21309409052938965E-004
  3.19552408761041636E-004
  3.17734979666271409E-004
  3.15997136740735749E-004
  3.14200312091629172E-004
  3.12481422023743512E-004
  3.10704964069031880E-004
  3.09004824434335346E-004
  3.07248498256396520E-004
  3.05566908696143676E-004
  3.03830482174645259E-004
  3.02167244376288894E-004
  3.00450488154050180E-004
  2.98805405833626277E-004
  2.97108093281632990E-004
  2.95480972164041797E-004
  2.93802879346739322E-004
  2.92193527147460610E-004
  2.90534432788939025E-004
  2.88942659196203522E-004
  2.87302344648012137E-004
  2.85727961304138123E-004
  2.84106210510734014E-004
  2.82549030993937121E-004
  2.80945630461565984E-004
  2.79405470268375821E-004
  2.77820209032529858E-004
  2.76296885559540180E-004
  2.74729555153268006E-004
  2.73222887678930843E-004
  2.71673282102655579E-004
  2.70183091770981180E-004
  2.68651007460246139E-004
  2.67177117261704585E-004
  2.65662353058151296E-004
  2.64204587813503635E-004
  2.62706944934348028E-004
  2.61265131276562429E-004
  2.59784413286124011E-004
  2.58358379643935086E-004
  2.56894392422458268E-004
  2.55483969002960371E-004
  2.54036520720307604E-004
  2.52641539491342288E-004
  2.51210440576651363E-004
  2.49830735251878626E-004
  2.48415798367980273E-004
  2.47051204388194984E-004
  2.45652244400864847E-004
  2.44302598918548768E-004
  2.42919432872366013E-004
  2.41584574735204073E-004
  2.40217021824904305E-004
  2.38896791560184177E-004
  2.37544673105125444E-004
  2.36238912901325386E-004
  2.34902052318586361E-004
  2.33610606012227821E-004
  2.32288828791180578E-004
  2.31011541848763193E-004
  2.29704675525905513E-004
  2.28441395029003829E-004
  2.27149269162099784E-004
  2.25899843791409872E-004
  2.24622289936100795E-004
  2.23386569956593754E-004
  2.22123421640116878E-004
  2.20901258884735553E-004
  2.19652351583270069E-004
  2.18443599438317149E-004
  2.17208770552503895E-004
  2.16013283941831344E-004
  2.14792372773635554E-004
  2.13610008144126984E-004
  2.12402855873097970E-004
  2.11233471179269553E-004
  2.10039920840016461E-004
  2.08883375530064251E-004
  2.07703271990016718E-004
  2.06559426990114475E-004
  2.05392616926549059E-004
  2.04261334627108942E-004
  2.03107666505733043E-004
  2.01988810746014491E-004
  2.00848134798418926E-004
  1.99741570853221841E-004
  1.98613739056312965E-004
  1.97519333621203286E-004
  1.96404199675930045E-004
  1.95321820853571214E-004
  1.94219240163191477E-004
  1.93148757448659053E-004
  1.92058587100080652E-004
  1.90999871367865658E-004
  1.89921970108687703E-004
  1.88874893598342276E-004
  1.87809121818435483E-004
  1.86773558121414314E-004
  1.85719777833573364E-004
  1.84695601879130485E-004
  1.83653676697202869E-004
  1.82640764739474138E-004
  1.81610559861585522E-004
  1.80608789466382366E-004
  1.79590171654202225E-004
  1.78599421685692972E-004
  1.77592259246961290E-004
  1.76612409854875579E-004
  1.75616572623337196E-004
  1.74647505229367101E-004
  1.73662864547149140E-004
  1.72704461833047396E-004
  1.71730890532799748E-004
  1.70783036426866441E-004
  1.69820408813627696E-004
  1.68882988478538903E-004
  1.67931180311911874E-004
  1.67004080132382882E-004
  1.66062968609194557E-004
  1.65146076179480659E-004
  1.64215539917230254E-004
  1.63308744028978784E-004
  1.62388663047462086E-004
  1.61491853676764494E-004
  1.60582109382134496E-004
  1.59695177678982023E-004
  1.58795652847818950E-004
  1.57918491122911004E-004
  1.57029069884697845E-004
  1.56161571598437349E-004
  1.55282139420119162E-004
  1.54424199170047897E-004
  1.53554642839651004E-004
  1.52706156349503261E-004
  1.51846363960528080E-004
  1.51007228068790890E-004
  1.50157089005164478E-004
  1.49327201653020686E-004
  1.48486606572788364E-004
  1.47665866794091151E-004
  1.46834707615506294E-004
  1.46023015524008763E-004
  1.45201185409396950E-004
  1.44398442188839156E-004
  1.43585835530353375E-004
  1.42791943423049882E-004
  1.41988455828490984E-004
  1.41203318124328539E-004
  1.40408846401402919E-004
  1.39632367427456808E-004
  1.38846809571195270E-004
  1.38078894680556665E-004
  1.37302149858051567E-004
  1.36542705419790745E-004
  1.35774673956848247E-004
  1.35023607345052571E-004
  1.34264190712353069E-004
  1.33521410296489734E-004
  1.32770511095987734E-004
  1.32035926229315568E-004
  1.31293448181417100E-004
  1.30566969192145142E-004
  1.29832817121414178E-004
  1.29114355301875592E-004
  1.28388435125318973E-004
  1.27677902722159235E-004
  1.26960121434930841E-004
  1.26257431639431291E-004
  1.25547697303602713E-004
  1.24852764241681227E-004
  1.24150985972932648E-004
  1.23463724695066658E-004
  1.22769812649510892E-004
  1.22090139121305450E-004
  1.21404004484316298E-004
  1.20731835578030656E-004
  1.20053390552323010E-004
  1.19388644035960605E-004
  1.18717801829184899E-004
  1.18060396357750485E-004
  1.17397071169637540E-004
  1.16746926276021552E-004
  1.16091033289307668E-004
  1.15448069374956446E-004
  1.14799524740653337E-004
  1.14163663066260953E-004
  1.13522383895321458E-004
  1.12893546572507867E-004
  1.12259450922464892E-004
  1.11637560904244087E-004
  1.11010567769374954E-004
  1.10395548841715703E-004
  1.09775578141071568E-004
  1.09167354914059385E-004
  1.08554327481349294E-004
  1.07952825380297433E-004
  1.07346662953189685E-004
  1.06751808210580351E-004
  1.06152433419836963E-004
  1.05564153066325193E-004
  1.04971489425108766E-004
  1.04389711281296997E-004
  1.03803683175461632E-004
  1.03228335844079050E-004
  1.02648868522197626E-004
  1.02079881379039424E-004
  1.01506900941451421E-004
  1.00944204128140431E-004
  1.00377637517515061E-004
  9.98211619325908362E-005
  9.92609369239058582E-005
  9.87106142152502028E-005
  9.81566594063767648E-005
  9.76124219633425766E-005
  9.70646667653806647E-005
  9.65264477107187491E-005
  9.59848223385379302E-005
  9.54525555207822818E-005
  9.49169909829766383E-005
  9.43906109694854761E-005
  9.38610390611281263E-005
  9.33404811286421597E-005
  9.28168344195841826E-005
  9.23020345491084860E-005
  9.17842463768139979E-005
  9.12751412442193601E-005
  9.07631457041998429E-005
  9.02596726735944294E-005
  8.97534046103175737E-005
  8.92555017271334707E-005
  8.87548967259044799E-005
  8.82625027087697022E-005
  8.77674970869448908E-005
  8.72805513212378671E-005
  8.67910821197726413E-005
  8.63095246503878076E-005
  8.58255296249531594E-005
  8.53493011492070515E-005
  8.48707187626807812E-005
  8.43997606237049741E-005
  8.39265300378888059E-005
  8.34607842167421263E-005
  8.29928452838590017E-005
  8.25322543941772345E-005
  8.20695476485186731E-005
  8.16140549288114128E-005
  8.11565215801412398E-005
  8.07060708870710301E-005
  8.02536528117381710E-005
  7.98081886147670398E-005
  7.93608283483320919E-005
  7.89202957209319644E-005
  7.84779364503775974E-005
  7.80422810661767169E-005
  7.76048666230620335E-005
  7.71740347473082243E-005
  7.67415095994880038E-005
  7.63154480841440929E-005
  7.58877573289229896E-005
  7.54664136056639991E-005
  7.50435029622339338E-005
  7.46268250363057398E-005
  7.42086408389828637E-005
  7.37965772832537616E-005
  7.33830664736890735E-005
  7.29755664226985380E-005
  7.25666765441188732E-005
  7.21636896877720556E-005
  7.17593688765931861E-005
  7.13608454543811135E-005
  7.09610424341859263E-005
  7.05669332291813256E-005
  7.01715973042841071E-005
  6.97818536375521532E-005
  6.93909346854603755E-005
  6.90055084100020668E-005
  6.86189568755260119E-005
  6.82378003704403515E-005
  6.78555672586423009E-005
  6.74786334240105293E-005
  6.71006702939604100E-005
  6.67279125449734780E-005
  6.63541715037196548E-005
  6.59855437650368220E-005
  6.56159774611753555E-005
  6.52514341615759830E-005
  6.48859957783607148E-005
  6.45254918453315218E-005
  6.41641350954879963E-005
  6.38076259495359859E-005
  6.34503050686355523E-005
  6.30977466188794965E-005
  6.27444163599062091E-005
  6.23957649974849567E-005
  6.20463806237651807E-005
  6.17015932178007664E-005
  6.13561104983776192E-005
  6.10151443905420621E-005
  6.06735195934722180E-005
  6.03363325922009856E-005
  5.99985224801914465E-005
  5.96650728567627427E-005
  5.93310346796421247E-005
  5.90012811623541542E-005
  5.86709726529362330E-005
  5.83448744224721090E-005
  5.80182537901357295E-005
  5.76957704744424953E-005
  5.73727964002647515E-005
  5.70538880704749774E-005
  5.67345197015361893E-005
  5.64191468658061814E-005
  5.61033438101752365E-005
  5.57914674106490529E-005
  5.54791897319066742E-005
  5.51707711388800821E-005
  5.48619793507491336E-005
  5.45569803580370032E-005
  5.42516354197023214E-005
  5.39500182407826333E-005
  5.36480815510884652E-005
  5.33498088138157207E-005
  5.30512422069098806E-005
  5.27562769494240477E-005
  5.24610426894170018E-005
  5.21693483556808779E-005
  5.18774091321903033E-005
  5.15889495678412222E-005
  5.13002684905213468E-005
  5.10150079372005712E-005
  5.07295485313945092E-005
  5.04474516249260282E-005
  5.01651778268939554E-005
  4.98862095906297873E-005
  4.96070857424944927E-005
  4.93312115842660032E-005
  4.90552024298012375E-005
  4.87823881374555609E-005
  4.85094588171900237E-005
  4.82396705544704468E-005
  4.79697866019994118E-005
  4.77029909049536834E-005
  4.74361182410123702E-005
  4.71722820129412876E-005
  4.69083869423633898E-005
  4.66474774510635442E-005
  4.63865266572293758E-005
  4.61285115298803192E-005
  4.58704720715910052E-005
  4.56153192913019579E-005
  4.53601585975921576E-005
  4.51078365001513734E-005
  4.48555223668460981E-005
  4.46059996362628151E-005
  4.43565002210988499E-005
  4.41097458853284235E-005
  4.38630297039878351E-005
  4.36190131322084998E-005
  4.33750490549314601E-005
  4.31337399533717708E-005
  4.28924971997263657E-005
  4.26538656076349743E-005
  4.24153137436564072E-005
  4.21793300306394923E-005
  4.19434389648319059E-005
  4.17100738261638225E-005
  4.14768138040467549E-005
  4.12460382577334455E-005
  4.10153798602377331E-005
  4.07871652437123233E-005
  4.05590793823417534E-005
  4.03333973482616562E-005
  4.01078552607063866E-005
  3.98846777740090221E-005
  3.96616510214590438E-005
  3.94409503559873755E-005
  3.92204108191794093E-005
  3.90021595542146859E-005
  3.87840794294926056E-005
  3.85682504460798910E-005
  3.83526022424127741E-005
  3.81391687207740550E-005
  3.79259252554181068E-005
  3.77148606715585230E-005
  3.75039950671197294E-005
  3.72952731885627017E-005
  3.70867588697486265E-005
  3.68803537534207750E-005
  3.66741644425578388E-005
  3.64700504319781345E-005
  3.62661601472673834E-005
  3.60643118678941318E-005
  3.58626949183390962E-005
  3.56630872756671016E-005
  3.54637182591596980E-005
  3.52663264357141640E-005
  3.50691802347050962E-005
  3.48739796865645961E-005
  3.46790314660338711E-005
  3.44859979195290267E-005
  3.42932231225139325E-005
  3.41023325724326462E-005
  3.39117069176092832E-005
  3.37229356230302912E-005
  3.35344351017720634E-005
  3.33477595834897933E-005
  3.31613604560374850E-005
  3.29767574941809374E-005
  3.27924362869033202E-005
  3.26098829180479304E-005
  3.24276164213620400E-005
  3.22470899350146676E-005
  3.20668551988096982E-005
  3.18883331356001912E-005
  3.17101074675678576E-005
  3.15335676151531943E-005
  3.13573285771055245E-005
  3.11827489697024475E-005
  3.10084743753983295E-005
  3.08358332881028112E-005
  3.06635011993866953E-005
  3.04927771481327819E-005
  3.03223658729426997E-005
  3.01535376107316256E-005
  2.99850257008411186E-005
  2.98180722151248320E-005
  2.96514384617526989E-005
  2.94863389721799814E-005
  2.93215624046451454E-005
  2.91582963597902352E-005
  2.89953562422386224E-005
  2.88339033183435199E-005
  2.86727791475927130E-005
  2.85131192454927657E-005
  2.83537907475738664E-005
  2.81959039891564839E-005
  2.80383511176839710E-005
  2.78822178454175863E-005
  2.77264207781663945E-005
  2.75720215513152296E-005
  2.74179606884928398E-005
  2.72652762807448308E-005
  2.71129322416181744E-005
  2.69619436399727358E-005
  2.68112972611258009E-005
  2.66619856616202393E-005
  2.65130179942519473E-005
  2.63653648016874804E-005
  2.62180571091119362E-005
  2.60720439333496277E-005
  2.59263776886875511E-005
  2.57819863428669768E-005
  2.56379432266919748E-005
  2.54951557253242024E-005
  2.53527176235172344E-005
  2.52115161790516227E-005
  2.50706651798458653E-005
  2.49310322027653285E-005
  2.47917505950492499E-005
  2.46536686887914954E-005
  2.45159389598672336E-005
  2.43793909215685517E-005
  2.42431957544574891E-005
  2.41081645703907895E-005
  2.39734868419698740E-005
  2.38399556872101077E-005
  2.37067784662842153E-005
  2.35747307018679717E-005
  2.34430372465904206E-005
  2.33124564174787419E-005
  2.31822301730370694E-005
  2.30531000060685688E-005
  2.29243246030089002E-005
  2.27966290053383173E-005
  2.26692882575503495E-005
  2.25430113142459819E-005
  2.24170892167127654E-005
  2.22922151886150275E-005
  2.21676959148351065E-005
  2.20442092374015861E-005
  2.19210771384927427E-005
  2.17989624189223721E-005
  2.16772020208366499E-005
  2.15564440371437901E-005
  2.14360400387205345E-005
  2.13166237368938306E-005
  2.11975610086931416E-005
  2.10794715015974151E-005
  2.09617350823833413E-005
  2.08449576472877148E-005
  2.07285327440317934E-005
  2.06130528216728549E-005
  2.04979248064695742E-005
  2.03837279983587510E-005
  2.02698824064439296E-005
  2.01569544736366713E-005
  2.00443770028291827E-005
  1.99327038640466014E-005
  1.98213803713309787E-005
  1.97109481007866471E-005
  1.96008646012946206E-005
  1.94916594278526382E-005
  1.93828020938401771E-005
  1.92748103984792211E-005
  1.91671655553126514E-005
  1.90603738698319444E-005
  1.89539279975478073E-005
  1.88483230034962234E-005
  1.87430627319515134E-005
  1.86386312575168400E-005
  1.85345433661912534E-005
  1.84312723853001132E-005
  1.83283438016650355E-005
  1.82262204337134558E-005
  1.81244382313082378E-005
  1.80234497371937346E-005
  1.79228011339653282E-005
  1.78229349158573098E-005
  1.77234072727154334E-005
  1.76246508728188129E-005
  1.75262316913158669E-005
  1.74285727892034240E-005
  1.73312497110215144E-005
  1.72346761234303294E-005
  1.71384369288723459E-005
  1.70429366070524274E-005
  1.69477692120200741E-005
  1.68533302408003628E-005
  1.67592226963943994E-005
  1.66658332921836687E-005
  1.65727737832382689E-005
  1.64804222937524516E-005
  1.63883991371986269E-005
  1.62970740388196884E-005
  1.62060756812561063E-005
  1.61157655780369164E-005
  1.60257805963994119E-005
  1.59364742188356116E-005
  1.58474913163344414E-005
  1.57591775197161504E-005
  1.56711855271622971E-005
  1.55838532902825886E-005
  1.54968411614541148E-005
  1.54104795851087303E-005
  1.53244363985910523E-005
  1.52390347047657667E-005
  1.51539496605794027E-005
  1.50694971901534354E-005
  1.49853596088946266E-005
  1.49018458215201963E-005
  1.48186451433194405E-005
  1.47360596146264805E-005
  1.46537853970325511E-005
  1.45721178193098084E-005
  1.44907597369388859E-005
  1.44099999159176610E-005
  1.43295477585309037E-005
  1.42496856129678089E-005
  1.41701292840905893E-005
  1.40911548449896046E-005
  1.40124843610639734E-005
  1.39343877698401965E-005
  1.38565932590257988E-005
  1.37793647659190635E-005
  1.37024364655178488E-005
  1.36260664290211698E-005
  1.35499946867657562E-005
  1.34744735726710938E-005
  1.33992488429047797E-005
  1.33245672223160934E-005
  1.32501800669342012E-005
  1.31763286159944324E-005
  1.31027697011403443E-005
  1.30297391989000276E-005
  1.29569992958043106E-005
  1.28847806233691907E-005
  1.28128506054126728E-005
  1.27414347456827355E-005
  1.26703055892130842E-005
  1.25996836248388114E-005
  1.25293464056417301E-005
  1.24595095179215884E-005
  1.23899554122140795E-005
  1.23208948801864431E-005
  1.22521151622955464E-005
  1.21838223625178503E-005
  1.21158084046537888E-005
  1.20482748083470739E-005
  1.19810180783786659E-005
  1.19142352518994578E-005
  1.18477273133459634E-005
  1.17816869166589872E-005
  1.17159194262876870E-005
  1.16506132115578615E-005
  1.15855779205851600E-005
  1.15209977315552841E-005
  1.14566864821147279E-005
  1.13928242532226318E-005
  1.13292289795065249E-005
  1.12660767344770677E-005
  1.12031894595287346E-005
  1.11407393104941637E-005
  1.10785521468136606E-005
  1.10167962938417959E-005
  1.09553014422719745E-005
  1.08942321714657442E-005
  1.08334219194471029E-005
  1.07730316028071683E-005
  1.07128983238234553E-005
  1.06531794175108008E-005
  1.05937155699201954E-005
  1.05346606144540458E-005
  1.04758587414590039E-005
  1.04174603599422637E-005
  1.03593130874770767E-005
  1.03015639845896226E-005
  1.02440640206136807E-005
  1.01869569822995948E-005
  1.01300971163718863E-005
  1.00736250084271575E-005
  1.00173981109064042E-005
  9.96155387842849558E-006
  9.90595289812588829E-006
  9.85072956458349523E-006
  9.79574752983338133E-006
  9.74113819574804821E-006
  9.68676821252418596E-006
  9.63276605530373725E-006
  9.57900130606225224E-006
  9.52559957876405322E-006
  9.47243332254043211E-006
  9.41962535311053309E-006
  9.36705092359061619E-006
  9.31483011411359297E-006
  9.26284091956256408E-006
  9.21120074506123165E-006
  9.15979026739588489E-006
  9.10872427594641595E-006
  9.05788606940890377E-006
  9.00738787970315605E-006
  8.95711557056036705E-006
  8.90717887274341757E-006
  8.85746615843173752E-006
  8.80808471309849588E-006
  8.75892536120561650E-006
  8.71009299753026439E-006
  8.66148084503966726E-006
  8.61319146103873843E-006
  8.56512041438963949E-006
  8.51736797574264328E-006
  8.46983200819384842E-006
  8.42261054743172410E-006
  8.37560370009393869E-006
  8.32890731617560672E-006
  8.28242369610961462E-006
  8.23624655320050436E-006
  8.19028033366565511E-006
  8.14461666124578620E-006
  8.09916208060649590E-006
  8.05400617200865693E-006
  8.00905753198844626E-006
  7.96440374339053392E-006
  7.91995540999122496E-006
  7.87579816119314770E-006
  7.83184456324343568E-006
  7.78817833517239334E-006
  7.74471396293385062E-006
  7.70153329831704799E-006
  7.65855270412532974E-006
  7.61585220604470286E-006
  7.57335000264941327E-006
  7.53112433444571907E-006
  7.48909519499992085E-006
  7.44733907865050471E-006
  7.40577773497217043E-006
  7.36448595158914522E-006
  7.32338719496528634E-006
  7.28255458328466962E-006
  7.24191326237009083E-006
  7.20153471882852395E-006
  7.16134574023266116E-006
  7.12141621729343760E-006
  7.08167454416922817E-006
  7.04218905113446000E-006
  7.00288970275440780E-006
  6.96384330381394296E-006
  6.92498135513858899E-006
  6.88636916983721172E-006
  6.84793975072231888E-006
  6.80975695197343887E-006
  6.77175524584202473E-006
  6.73399706101202666E-006
  6.69641830575982474E-006
  6.65908001428348757E-006
  6.62191950083979768E-006
  6.58499643599190728E-006
  6.54824950757779374E-006
  6.51173705294127722E-006
  6.47539910425748024E-006
  6.43929269566739736E-006
  6.40335917358125899E-006
  6.36765429739544893E-006
  6.33212069880106301E-006
  6.29681289125163556E-006
  6.26167476328119519E-006
  6.22675961025307487E-006
  6.19201255023555750E-006
  6.15748568666985555E-006
  6.12312534010859121E-006
  6.08898244969356903E-006
  6.05500451169610819E-006
  6.02124132577353074E-006
  5.98764153838613413E-006
  5.95425383582901765E-006
  5.92102798911466489E-006
  5.88801159558434857E-006
  5.85515552620649234E-006
  5.82250631408563798E-006
  5.79001590521958909E-006
  5.75772979189536138E-006
  5.72560097290187960E-006
  5.69367392249989626E-006
  5.66190266760017577E-006
  5.63033068739724590E-006
  5.59891301599062131E-006
  5.56769215925356535E-006
  5.53662413485044919E-006
  5.50575049757123921E-006
  5.47502822753216549E-006
  5.44449794924041781E-006
  5.41411758436221735E-006
  5.38392684834793171E-006
  5.35388458251227015E-006
  5.32402961299653302E-006
  5.29432168245528439E-006
  5.26479874706778866E-006
  5.23542142961681999E-006
  5.20622683666555843E-006
  5.17717645196701895E-006
  5.14830655070228153E-006
  5.11957945906592140E-006
  5.09103063980981084E-006
  5.06262324235852094E-006
  5.03439193493724131E-006
  5.00630067270401285E-006
  4.97838334722915492E-006
  4.95060470151545987E-006
  4.92299786689534920E-006
  4.89552835686145699E-006
  4.86822856059720448E-006
  4.84106474528988477E-006
  4.81406857412261811E-006
  4.78720705108694194E-006
  4.76051112886644791E-006
  4.73394853252579653E-006
  4.70754952093908371E-006
  4.68128252395011749E-006
  4.65517712164816172E-006
  4.62920243340469997E-006
  4.60338737587022248E-006
  4.57770174262703900E-006
  4.55217380154641116E-006
  4.52677400561737865E-006
  4.50152998859728439E-006
  4.47641284818089834E-006
  4.45144959791563804E-006
  4.42661196691501295E-006
  4.40192636199697002E-006
  4.37736512886233834E-006
  4.35295408187700124E-006
  4.32866617028354984E-006
  4.30452662853443085E-006
  4.28050899591950895E-006
  4.25663794030560358E-006
  4.23288757791415172E-006
  4.20928202277271924E-006
  4.18579595629732546E-006
  4.16245295001132077E-006
  4.13922823695832677E-006
  4.11614485963477545E-006
  4.09317859117346387E-006
  4.07035195630997067E-006
  4.04764125596287005E-006
  4.02506850828085359E-006
  4.00261053104510767E-006
  3.98028884749690142E-006
  3.95808078052186166E-006
  3.93600736920149478E-006
  3.91404643069864400E-006
  3.89221853117718761E-006
  3.87050197072890466E-006
  3.84891685303131878E-006
  3.82744195055686731E-006
  3.80609691459838251E-006
  3.78486098027505773E-006
  3.76375335656147449E-006
  3.74275373081187817E-006
  3.72188087937441279E-006
  3.70111493151114889E-006
  3.68047424145398404E-006
  3.65993937096570796E-006
  3.63952826041181945E-006
  3.61922189508863260E-006
  3.59903781150712352E-006
  3.57895740826576721E-006
  3.55899782712378793E-006
  3.53914087099294787E-006
  3.51940329545477783E-006
  3.49976729936505468E-006
  3.48024926073768281E-006
  3.46083176561478953E-006
  3.44153082262723149E-006
  3.42232939617465920E-006
  3.40324313431216411E-006
  3.38425537217281573E-006
  3.36538140436190572E-006
  3.34660492808294226E-006
  3.32794089356492306E-006
  3.30937335202092079E-006
  3.29091691604117561E-006
  3.27255598344880709E-006
  3.25430483732704915E-006
  3.23614821436731754E-006
  3.21810007542826463E-006
  3.20014548833164423E-006
  3.18229809878832646E-006
  3.16454329876546419E-006
  3.14689442579286466E-006
  3.12933718956963385E-006
  3.11188462604268553E-006
  3.09452275435573556E-006
  3.07726431652902152E-006
  3.06009563532153888E-006
  3.04302916485216876E-006
  3.02605152449867375E-006
  3.00917488618492390E-006
  2.99238615992296205E-006
  2.97569724298353919E-006
  2.95909532875482850E-006
  2.94259204525462980E-006
  2.92617486368808342E-006
  2.90985514915424694E-006
  2.89362064433737116E-006
  2.87748245744398436E-006
  2.86142859650553532E-006
  2.84546991830119861E-006
  2.82959469103038465E-006
  2.81381352510256669E-006
  2.79811494295771870E-006
  2.78250931526615729E-006
  2.76698541286477697E-006
  2.75155337134079269E-006
  2.73620220430065064E-006
  2.72094181812867356E-006
  2.70576146407599195E-006
  2.69067082419405182E-006
  2.67565938243996024E-006
  2.66073660083229033E-006
  2.64589219132994357E-006
  2.63113540155344210E-006
  2.61645616556731512E-006
  2.60186352139620786E-006
  2.58734762075212517E-006
  2.57291729653565095E-006
  2.55856291344058248E-006
  2.54429310411386781E-006
  2.53009844122279284E-006
  2.51598736139632918E-006
  2.50195064124352910E-006
  2.48799652561874797E-006
  2.47411599015703264E-006
  2.46031709306147473E-006
  2.44659100494724879E-006
  2.43294559996224548E-006
  2.41937223972733222E-006
  2.40587862021228897E-006
  2.39245628857474045E-006
  2.37911276564353820E-006
  2.36583978160547489E-006
  2.35264468622564643E-006
  2.33951938806779168E-006
  2.32647106941995900E-006
  2.31349181331567204E-006
  2.30058863889705418E-006
  2.28775379995722616E-006
  2.27499415574150694E-006
  2.26230212657708843E-006
  2.24968441597191878E-006
  2.23713360782437246E-006
  2.22465625226269771E-006
  2.21224509292869313E-006
  2.19990653117265959E-006
  2.18763346709295084E-006
  2.17543215577914646E-006
  2.16329564986488109E-006
  2.15123006230981060E-006
  2.13922859539625372E-006
  2.12729722216055237E-006
  2.11542929113637628E-006
  2.10363063923934180E-006
  2.09189475816889549E-006
  2.08022735169555573E-006
  2.06862205113222696E-006
  2.05708443005045502E-006
  2.04560825701469956E-006
  2.03419897809421276E-006
  2.02285049559971312E-006
  2.01156813116299969E-006
  2.00034591821788912E-006
  1.98918905656153589E-006
  1.97809170798382988E-006
  1.96705895350686605E-006
  1.95608508005845743E-006
  1.94517505217158066E-006
  1.93432327936296771E-006
  1.92353461330275538E-006
  1.91280358296530437E-006
  1.90213492862651833E-006
  1.89152329697409385E-006
  1.88097331957517937E-006
  1.87047975790217423E-006
  1.86004713737047948E-006
  1.84967033189825843E-006
  1.83935376315439251E-006
  1.82909241457541849E-006
  1.81889060647641292E-006
  1.80874342997086983E-006
  1.79865510625883826E-006
  1.78862083140848840E-006
  1.77864472974101253E-006
  1.76872210042730612E-006
  1.75885697279454040E-006
  1.74904474646293845E-006
  1.73928935827336988E-006
  1.72958630629373452E-006
  1.71993943709408403E-006
  1.71034434499711986E-006
  1.70080478788268857E-006
  1.69131645379001607E-006
  1.68188301471395385E-006
  1.67250025136162868E-006
  1.66317175037641427E-006
  1.65389338240724061E-006
  1.64466865209754146E-006
  1.63549351822590839E-006
  1.62637140459987067E-006
  1.61729835626733644E-006
  1.60827771797301203E-006
  1.59930561875420971E-006
  1.59038532667938880E-006
  1.58151305363161493E-006
  1.57269199162550128E-006
  1.56391843358045053E-006
  1.55519549806448200E-006
  1.54651955681262958E-006
  1.53789365651709200E-006
  1.52931424582991358E-006
  1.52078430104041875E-006
  1.51230034686069272E-006
  1.50386529047105069E-006
  1.49547573054270181E-006
  1.48713450702220459E-006
  1.47883829090212600E-006
  1.47058985685641870E-006
  1.46238594617272931E-006
  1.45422926898523808E-006
  1.44611663639342204E-006
  1.43805069566367045E-006
  1.43002832576091321E-006
  1.42205211220098466E-006
  1.41411900008496824E-006
  1.40623151561877266E-006
  1.39838666863675082E-006
  1.39058692667226155E-006
  1.38282936258139973E-006
  1.37511638667639807E-006
  1.36744513424233979E-006
  1.35981795938652752E-006
  1.35223205831247700E-006
  1.34468973019859707E-006
  1.33718823021437849E-006
  1.32972980467074280E-006
  1.32231176734478904E-006
  1.31493631158329781E-006
  1.30760080789986986E-006
  1.30030739899424369E-006
  1.29305351073707269E-006
  1.28584123580904141E-006
  1.27866805478127024E-006
  1.27153601147510279E-006
  1.26444263973073204E-006
  1.25738993539014807E-006
  1.25037548496532293E-006
  1.24340123752273597E-006
  1.23646482991905652E-006
  1.22956816632088253E-006
  1.22270893337349289E-006
  1.21588899079075180E-006
  1.20910607393639461E-006
  1.20236199863698987E-006
  1.19565454835953766E-006
  1.18898549649329555E-006
  1.18235267352821467E-006
  1.17575781095303498E-006
  1.16919878455351273E-006
  1.16267728581048366E-006
  1.15619123497131979E-006
  1.14974228376719749E-006
  1.14332839665403417E-006
  1.13695118609497107E-006
  1.13060865930119601E-006
  1.12430239148379268E-006
  1.11803043138182772E-006
  1.11179431721671160E-006
  1.10559213900686077E-006
  1.09942539779668269E-006
  1.09329222437351203E-006
  1.08719408501544181E-006
  1.08112914866815354E-006
  1.07509884755022989E-006
  1.06910138945767596E-006
  1.06313817220600012E-006
  1.05720744124833779E-006
  1.05131056170761840E-006
  1.04544581552520643E-006
  1.03961453548809349E-006
  1.03381503977437529E-006
  1.02804862968666743E-006
  1.02231365859978883E-006
  1.01661139683245888E-006
  1.01094023222884476E-006
  1.00530140529174022E-006
  9.99693337391377723E-007
  9.94117239482141848E-007
  9.88571566221902866E-007
  9.83057499592903207E-007
  9.77573526580345329E-007
  9.72120801445420262E-007
  9.66697842519729041E-007
  9.61305776444917608E-007
  9.55943152150775327E-007
  9.50611070179063378E-007
  9.45308110031692120E-007
  9.40035344988604754E-007
  9.34791384313582092E-007
  9.29577276315193779E-007
  9.24391659147280835E-007
  9.19235555978992356E-007
  9.14107633072550398E-007
  9.09008889341892519E-007
  9.03938018579869428E-007
  8.98895995940234166E-007
  8.93881542772817710E-007
  8.88895610409225475E-007
  8.83936947059923878E-007
  8.79006481340487314E-007
  8.74102987097630878E-007
  8.69227370612774178E-007
  8.64378431288002254E-007
  8.59557054162474005E-007
  8.54762063223343296E-007
  8.49994321956191520E-007
  8.45252678888774256E-007
  8.40537976913981212E-007
  8.35849088193872062E-007
  8.31186835411778900E-007
  8.26550114210783980E-007
  8.21939727163116552E-007
  8.17354592950870324E-007
  8.12795494891309621E-007
  8.08261373481840109E-007
  8.03752993319961070E-007
  7.99269317437536980E-007
  7.94811091602754570E-007
  7.90377299942331575E-007
  7.85968670416618485E-007
  7.81584207919129165E-007
  7.77224622672116096E-007
  7.72888940587426296E-007
  7.68577854300282671E-007
  7.64290409537177044E-007
  7.60027282544737368E-007
  7.55787538534458767E-007
  7.51571837500444793E-007
  7.47379263539096223E-007
  7.43210460656017565E-007
  7.39064532060324235E-007
  7.34942105844003535E-007
  7.30842303624466346E-007
  7.26765738019910449E-007
  7.22711548786571889E-007
  7.18680333782606051E-007
  7.14671250285270441E-007
  7.10684881629098814E-007
  7.06720401967121192E-007
  7.02778380270395995E-007
  6.98858008014946240E-007
  6.94959839874095672E-007
  6.91083084277067000E-007
  6.87228282494720877E-007
  6.83394658355418614E-007
  6.79582739981724723E-007
  6.75791767720532755E-007
  6.72022255965935759E-007
  6.68273460210780647E-007
  6.64545883000163000E-007
  6.60838795204348608E-007
  6.57152686604853238E-007
  6.53486842612445892E-007
  6.49841740955370698E-007
  6.46216681707105437E-007
  6.42612130812593917E-007
  6.39027402617958311E-007
  6.35462951366148479E-007
  6.31918105363315266E-007
  6.28393307743533524E-007
  6.24887900346960138E-007
  6.21402315412738111E-007
  6.17935907829012072E-007
  6.14489098993248889E-007
  6.11061257500842033E-007
  6.07652793725992560E-007
  6.04263088858492897E-007
  6.00892543629528534E-007
  5.97540551409835015E-007
  5.94207502631359793E-007
  5.90892803063968215E-007
  5.87596833546739591E-007
  5.84319011987765559E-007
  5.81059709520598830E-007
  5.77818355795916504E-007
  5.74595312470432052E-007
  5.71390020689672387E-007
  5.68202832955224381E-007
  5.65033201691969844E-007
  5.61881470791389961E-007
  5.58747103661795971E-007
  5.55630434978404256E-007
  5.52530939331836913E-007
  5.49448943348684889E-007
  5.46383931386564468E-007
  5.43336221981939723E-007
  5.40305310229735697E-007
  5.37291505969971225E-007
  5.34294314399425514E-007
  5.31314037871749359E-007
  5.28350191811095398E-007
  5.25403070568941336E-007
  5.22472198838710450E-007
  5.19557863786848191E-007
  5.16659599548685441E-007
  5.13777685998760270E-007
  5.10911666707730354E-007
  5.08061813838679955E-007
  5.05227680407526483E-007
  5.02409531983480535E-007
  4.99606929767477167E-007
  4.96820132528072765E-007
  4.94048710855837682E-007
  4.91292916427123872E-007
  4.88552327839711977E-007
  4.85827190946740505E-007
  4.83117093097697353E-007
  4.80422273028149548E-007
  4.77742326388633124E-007
  4.75077485958096409E-007
  4.72427355246655508E-007
  4.69792160765189739E-007
  4.67171514123190784E-007
  4.64565636068689643E-007
  4.61974145349513483E-007
  4.59397257221601819E-007
  4.56834598172055260E-007
  4.54286377353937495E-007
  4.51752229123842243E-007
  4.49232357142395483E-007
  4.46726402645107230E-007
  4.44234564009757913E-007
  4.41756489381725379E-007
  4.39292372203449995E-007
  4.36841867403059128E-007
  4.34405162957666895E-007
  4.31981921010894764E-007
  4.29572324648480021E-007
  4.27176042510855980E-007
  4.24793252904833706E-007
  4.22423630790574210E-007
  4.20067349452939057E-007
  4.17724090363546724E-007
  4.15394022301090455E-007
  4.13076832999258201E-007
  4.10772686733406886E-007
  4.08481277418340509E-007
  4.06202764517417056E-007
  4.03936847943454043E-007
  4.01683683275579840E-007
  3.99442976173159506E-007
  3.97214877812150705E-007
  3.94999099426759224E-007
  3.92795788336015208E-007
  3.90604661565776700E-007
  3.88425862246546531E-007
  3.86259113031963295E-007
  3.84104552823551765E-007
  3.81961909519262434E-007
  3.79831318601763331E-007
  3.77712513286328181E-007
  3.75605625201113598E-007
  3.73510392427872082E-007
  3.71426943131227016E-007
  3.69355020723913169E-007
  3.67294749596766022E-007
  3.65245878087786542E-007
  3.63208527279413814E-007
  3.61182450505295389E-007
  3.59167765237122319E-007
  3.57164229407563288E-007
  3.55171957319279145E-007
  3.53190711670254246E-007
  3.51220603622566789E-007
  3.49261400212637922E-007
  3.47313209399794732E-007
  3.45375802807091643E-007
  3.43449285180308931E-007
  3.41533433036286813E-007
  3.39628348186215449E-007
  3.37733810669516597E-007
  3.35849919636817002E-007
  3.33976459904105706E-007
  3.32113527162673693E-007
  3.30260910273474288E-007
  3.28418702711338562E-007
  3.26586697075761218E-007
  3.24764983896326957E-007
  3.22953359867336299E-007
  3.21151913272649892E-007
  3.19360444544909416E-007
  3.17579038949403252E-007
  3.15807500725205420E-007
  3.14045913069533709E-007
  3.12294084016641912E-007
  3.10552093881328312E-007
  3.08819754685025498E-007
  3.07097144179741192E-007
  3.05384077718081728E-007
  3.03680631101319424E-007
  3.01986623181985715E-007
  3.00302127669778434E-007
  2.98626966484917072E-007
  2.96961210682718590E-007
  2.95304686266947895E-007
  2.93657462344404816E-007
  2.92019367285382258E-007
  2.90390468445589727E-007
  2.88770597769003325E-007
  2.87159820407023122E-007
  2.85557971590164246E-007
  2.83965114145112710E-007
  2.82381086344213371E-007
  2.80805949405395111E-007
  2.79239544584086436E-007
  2.77681931114102378E-007
  2.76132953258845794E-007
  2.74592668577812488E-007
  2.73060924025674417E-007
  2.71537774634658051E-007
  2.70023070789195153E-007
  2.68516866474619810E-007
  2.67019014455975453E-007
  2.65529566784086418E-007
  2.64048378903388992E-007
  2.62575501174731460E-007
  2.61110792217430182E-007
  2.59654300383039846E-007
  2.58205886638419518E-007
  2.56765598313123737E-007
  2.55333298831605827E-007
  2.53909033781073024E-007
  2.52492668908999598E-007
  2.51084248845083342E-007
  2.49683641697139002E-007
  2.48290890035810602E-007
  2.46905864949124251E-007
  2.45528607880430905E-007
  2.44158991827288057E-007
  2.42797056532257549E-007
  2.41442677891445048E-007
  2.40095894306705198E-007
  2.38756583566455713E-007
  2.37424783035976008E-007
  2.36100372782378740E-007
  2.34783388684500371E-007
  2.33473713084074804E-007
  2.32171380185538726E-007
  2.30876274984832658E-007
  2.29588430811756383E-007
  2.28307733991371722E-007
  2.27034216939669429E-007
  2.25767768480236175E-007
  2.24508419497455699E-007
  2.23256060585767941E-007
  2.22010721740101188E-007
  2.20772295619282568E-007
  2.19540811276049913E-007
  2.18316163328361418E-007
  2.17098379653885084E-007
  2.15887356232752452E-007
  2.14683120084225730E-007
  2.13485569437304193E-007
  2.12294730401643763E-007
  2.11110503147370009E-007
  2.09932912287357095E-007
  2.08761860144183849E-007
  2.07597369973855873E-007
  2.06439345765181051E-007
  2.05287810743165695E-007
  2.04142670127561704E-007
  2.03003945742223653E-007
  2.01871545191666496E-007
  2.00745489475701395E-007
  1.99625687308645564E-007
  1.98512158904064564E-007
  1.97404814873713268E-007
  1.96303674553462145E-007
  1.95208650083565715E-007
  1.94119760005812125E-007
  1.93036917987275795E-007
  1.91960141848676630E-007
  1.90889346769850293E-007
  1.89824549916247211E-007
  1.88765667858810273E-007
  1.87712716853818882E-007
  1.86665615088729340E-007
  1.85624378215452349E-007
  1.84588925815042768E-007
  1.83559272762040487E-007
  1.82535340100698508E-007
  1.81517141960651729E-007
  1.80504600766211756E-007
  1.79497730098549885E-007
  1.78496453811921011E-007
  1.77500784676116793E-007
  1.76510647714569728E-007
  1.75526055467900147E-007
  1.74546934413101813E-007
  1.73573296059638985E-007
  1.72605067912464847E-007
  1.71642261017558189E-007
  1.70684804487648647E-007
  1.69732708938730194E-007
  1.68785904440072139E-007
  1.67844401108296765E-007
  1.66908130194541468E-007
  1.65977101008290785E-007
  1.65051246429557280E-007
  1.64130574974089020E-007
  1.63215020741955005E-007
  1.62304592030692211E-007
  1.61399223585382474E-007
  1.60498923208962233E-007
  1.59603627061254856E-007
  1.58713342588548902E-007
  1.57828007152821421E-007
  1.56947627318942693E-007
  1.56072141454002385E-007
  1.55201555855891737E-007
  1.54335809946871935E-007
  1.53474909862655812E-007
  1.52618795682368018E-007
  1.51767473059349779E-007
  1.50920883446309182E-007
  1.50079031873589425E-007
  1.49241860612537437E-007
  1.48409374644987342E-007
  1.47581517339787478E-007
  1.46758292732141527E-007
  1.45939645519193244E-007
  1.45125579526698937E-007
  1.44316040074522613E-007
  1.43511030774921562E-007
  1.42710497588828203E-007
  1.41914443867258349E-007
  1.41122816838536922E-007
  1.40335619386576561E-007
  1.39552799663738159E-007
  1.38774359895296303E-007
  1.38000249162855605E-007
  1.37230469395426981E-007
  1.36464970865401778E-007
  1.35703755207076759E-007
  1.34946772695269966E-007
  1.34194025451192589E-007
  1.33445464868995748E-007
  1.32701092141861536E-007
  1.31960859457044146E-007
  1.31224767675327657E-007
  1.30492770187038231E-007
  1.29764867676266491E-007
  1.29041013908661018E-007
  1.28321209362290092E-007
  1.27605408573984949E-007
  1.26893611968508711E-007
  1.26185774734057800E-007
  1.25481897122889772E-007
  1.24781934900626268E-007
  1.24085887717348263E-007
  1.23393712804773958E-007
  1.22705409214399696E-007
  1.22020934617820912E-007
  1.21340288588805807E-007
  1.20663429260555032E-007
  1.19990355327984678E-007
  1.19321026140574410E-007
  1.18655440365242004E-007
  1.17993557591623515E-007
  1.17335376470866197E-007
  1.16680857228292527E-007
  1.16029998472982079E-007
  1.15382761237177843E-007
  1.14739143534693461E-007
  1.14099106718706843E-007
  1.13462649088312170E-007
  1.12829732921717635E-007
  1.12200355972518261E-007
  1.11574481276624154E-007
  1.10952106314412331E-007
  1.10333194506636718E-007
  1.09717743539552401E-007
  1.09105717136237325E-007
  1.08497112938018094E-007
  1.07891895707280942E-007
  1.07290062436134793E-007
  1.06691578425394006E-007
  1.06096440696742112E-007
  1.05504614844139291E-007
  1.04916098090136319E-007
  1.04330856513277803E-007
  1.03748886958823834E-007
  1.03170156476411405E-007
  1.02594661182542616E-007
  1.02022368973254962E-007
  1.01453276462393444E-007
  1.00887351160837896E-007
  1.00324589639528177E-007
  9.97649603923926127E-008
  9.92084597224344088E-008
  9.86550564508634852E-008
  9.81047469306958431E-008
  9.75575006922209921E-008
  9.70133136013330882E-008
  9.64721554342034602E-008
  9.59340223958289561E-008
  9.53988848296379963E-008
  9.48667385188577619E-008
  9.43375544852522359E-008
  9.38113286653486722E-008
  9.32880322074905059E-008
  9.27676605809852567E-008
  9.22501856457243094E-008
  9.17356031330492330E-008
  9.12238853127414418E-008
  9.07150276065592420E-008
  9.02090026763022249E-008
  8.97058058936219333E-008
  8.92054106964924967E-008
  8.87078124495922727E-008
  8.82129841791938884E-008
  8.77209214054083516E-008
  8.72315983019087946E-008
  8.67450099741070863E-008
  8.62611306976027852E-008
  8.57799557739795717E-008
  8.53014596573465772E-008
  8.48256376681245025E-008
  8.43524650642938432E-008
  8.38819364914835644E-008
  8.34140279479172980E-008
  8.29487343242233524E-008
  8.24860314362011310E-008
  8.20259143560969277E-008
  8.15683592985897000E-008
  8.11133611529296338E-008
  8.06608964233440661E-008
  8.02109598691392627E-008
  7.97635289277208894E-008
  7.93185982892367984E-008
  7.88761449323181178E-008
  7.84361637886004165E-008
  7.79986328344847077E-008
  7.75635468517917899E-008
  7.71308835715262598E-008
  7.67006378368172797E-008
  7.62727881962844365E-008
  7.58473291514903800E-008
  7.54242395730458677E-008
  7.50035140710910105E-008
  7.45851313082704558E-008
  7.41690859382871133E-008
  7.37553576945155056E-008
  7.33439412495912637E-008
  7.29348158304694048E-008
  7.25279763598998308E-008
  7.21234026747867518E-008
  7.17210892503325037E-008
  7.13210164651572476E-008
  7.09231788432922278E-008
  7.05275571129077472E-008
  7.01341457211572680E-008
  6.97429254637513034E-008
  6.93538905758399685E-008
  6.89670225607050385E-008
  6.85823158236901514E-008
  6.81997515898328737E-008
  6.78193246568866410E-008
  6.74410166111167021E-008
  6.70648219429980326E-008
  6.66907226168884000E-008
  6.63187132599750622E-008
  6.59487759226687624E-008
  6.55809049289190560E-008
  6.52150830446638375E-008
  6.48513048612913776E-008
  6.44895532782883042E-008
  6.41298223063122951E-008
  6.37720950458525511E-008
  6.34163661102716404E-008
  6.30626185651600934E-008
  6.27108470433314783E-008
  6.23610351133908510E-008
  6.20131771213137471E-008
  6.16672567468578888E-008
  6.13232686306051290E-008
  6.09811967664987138E-008
  6.06410356316335025E-008
  6.03027698158707936E-008
  5.99663932232204110E-008
  5.96318903436157752E-008
  5.92992558085712316E-008
  5.89684745653168113E-008
  5.86395408488871023E-008
  5.83124395865458817E-008
  5.79871652222918109E-008
  5.76637028540328709E-008
  5.73420473050033658E-008
  5.70221837143043284E-008
  5.67041066820873396E-008
  5.63878016199454071E-008
  5.60732632181834215E-008
  5.57604772662135690E-008
  5.54494382106768832E-008
  5.51401318926072190E-008
  5.48325530339710688E-008
  5.45266879312051510E-008
  5.42225308201635113E-008
  5.39200681857431196E-008
  5.36192951388668992E-008
  5.33201978569932113E-008
  5.30227707977572329E-008
  5.27270009265562513E-008
  5.24328828715206689E-008
  5.21404036745482352E-008
  5.18495576517791859E-008
  5.15603322861489581E-008
  5.12727219661382459E-008
  5.09867140865362674E-008
  5.07023035945412470E-008
  5.04194774606984535E-008
  5.01382307232492225E-008
  4.98585513561341448E-008
  4.95804337310485077E-008
  4.93038658104126252E-008
  4.90288423781629988E-008
  4.87553514053627757E-008
  4.84833873868105381E-008
  4.82129388509184625E-008
  4.79440007345846407E-008
  4.76765611500444020E-008
  4.74106149378556277E-008
  4.71461506503694321E-008
  4.68831630407472538E-008
  4.66216407744268678E-008
  4.63615789125851708E-008
  4.61029662660077011E-008
  4.58457976922196474E-008
  4.55900622560646111E-008
  4.53357546851145368E-008
  4.50828643500702571E-008
  4.48313860595897838E-008
  4.45813091591958421E-008
  4.43326284125997057E-008
  4.40853334312934712E-008
  4.38394193335175265E-008
  4.35948757248102661E-008
  4.33516976072198106E-008
  4.31098746698548965E-008
  4.28694019116473836E-008
  4.26302693383014601E-008
  4.23924718895850449E-008
  4.21559995451763850E-008
  4.19208477145285620E-008
  4.16870064238064334E-008
  4.14544705608162522E-008
  4.12232306711362178E-008
  4.09932818896250019E-008
  4.07646146598184206E-008
  4.05372241344501415E-008
  4.03111007861270580E-008
  4.00862398851349302E-008
  3.98626321334668685E-008
  3.96402727711101717E-008
  3.94191528647283714E-008
  3.91992674533545078E-008
  3.89806074036670181E-008
  3.87631680972100886E-008
  3.85469410042723469E-008
  3.83319209517710227E-008
  3.81180990720183405E-008
  3.79054710256492186E-008
  3.76940282357943011E-008
  3.74837658894987203E-008
  3.72746753113481755E-008
  3.70667518757352414E-008
  3.68599873760717955E-008
  3.66543773259928948E-008
  3.64499132001155647E-008
  3.62465903742890382E-008
  3.60444009532893032E-008
  3.58433402281721947E-008
  3.56434000206002371E-008
  3.54445761512005042E-008
  3.52468604038767901E-008
  3.50502482752816836E-008
  3.48547321409822059E-008
  3.46603073324293258E-008
  3.44669662608593298E-008
  3.42747048589715515E-008
  3.40835149902965993E-008
  3.38933924686544462E-008
  3.37043295348783015E-008
  3.35163218244462051E-008
  3.33293622045006896E-008
  3.31434462575011172E-008
  3.29585668657444723E-008
  3.27747194611377667E-008
  3.25918967569093678E-008
  3.24100946051183793E-008
  3.22293058365281355E-008
  3.20495262826725765E-008
  3.18707486590420450E-008
  3.16929689461703131E-008
  3.15161804477338407E-008
  3.13403788489656013E-008
  3.11655572132869099E-008
  3.09917113955808384E-008
  3.08188344537622926E-008
  3.06469224958821293E-008
  3.04759690623178363E-008
  3.03059697529625139E-008
  3.01369180742847837E-008
  2.99688100933550158E-008
  2.98016391942531646E-008
  2.96354014166215418E-008
  2.94700903810492897E-008
  2.93057020379218194E-008
  2.91422301505344946E-008
  2.89796706456850029E-008
  2.88180172946850214E-008
  2.86572663680217454E-008
  2.84974115329476369E-008
  2.83384489357072276E-008
  2.81803724500057658E-008
  2.80231782611190282E-008
  2.78668604392865056E-008
  2.77114151224289799E-008
  2.75568364019850323E-008
  2.74031204368341766E-008
  2.72502615093034209E-008
  2.70982558676330904E-008
  2.69470974916844982E-008
  2.67967827548815446E-008
  2.66473060499153259E-008
  2.64986637074240932E-008
  2.63508500265621598E-008
  2.62038611659575834E-008
  2.60576917809235493E-008
  2.59123383262004307E-008
  2.57677951678354363E-008
  2.56240586597782390E-008
  2.54811236094873229E-008
  2.53389862086966775E-008
  2.51976411405314147E-008
  2.50570851669086244E-008
  2.49173129004274732E-008
  2.47783205946936875E-008
  2.46401030399937664E-008
  2.45026570058484557E-008
  2.43659774756406417E-008
  2.42300605350960958E-008
  2.40949011463345997E-008
  2.39604962769276085E-008
  2.38268408501042168E-008
  2.36939313620338706E-008
  2.35617628267154522E-008
  2.34303320304785337E-008
  2.32996337606351621E-008
  2.31696649214939730E-008
  2.30404209159323092E-008
  2.29118981998659017E-008
  2.27840918649159866E-008
  2.26569987896867306E-008
  2.25306144353044734E-008
  2.24049354499865910E-008
  2.22799569983405081E-008
  2.21556760355959269E-008
  2.20320882226825696E-008
  2.19091901380000856E-008
  2.17869771849455324E-008
  2.16654463452025029E-008
  2.15445931335066412E-008
  2.14244144134096071E-008
  2.13049058192527389E-008
  2.11860639905931556E-008
  2.10678848436057393E-008
  2.09503653770755824E-008
  2.08335008692148633E-008
  2.07172884753322239E-008
  2.06017242170985441E-008
  2.04868049201576594E-008
  2.03725263782044934E-008
  2.02588855199469720E-008
  2.01458782274176241E-008
  2.00335017064957411E-008
  1.99217517448549671E-008
  1.98106253982042943E-008
  1.97001187197979666E-008
  1.95902287192294252E-008
  1.94809514050413005E-008
  1.93722838864429060E-008
  1.92642222697068421E-008
  1.91567637707608246E-008
  1.90499043629968474E-008
  1.89436412287086818E-008
  1.88379705629207822E-008
  1.87328895266944543E-008
  1.86283945720653495E-008
  1.85244825513937118E-008
  1.84211499210475344E-008
  1.83183941267275197E-008
  1.82162114161037411E-008
  1.81145988511910432E-008
  1.80135527978713679E-008
  1.79130707258709115E-008
  1.78131488093078431E-008
  1.77137844717229943E-008
  1.76149742404104275E-008
  1.75167153987625569E-008
  1.74190043909504556E-008
  1.73218387514796163E-008
  1.72252148513075048E-008
  1.71291300653682349E-008
  1.70335810821210463E-008
  1.69385652269513946E-008
  1.68440793824284610E-008
  1.67501207134641461E-008
  1.66566856442349562E-008
  1.65637719402818069E-008
  1.64713766621925074E-008
  1.63794969611402892E-008
  1.62881295106255650E-008
  1.61972719698965418E-008
  1.61069210869609663E-008
  1.60170745078613386E-008
  1.59277287565295594E-008
  1.58388816430802040E-008
  1.57505296888414962E-008
  1.56626709329606943E-008
  1.55753021668322139E-008
  1.54884207864649938E-008
  1.54020238637212750E-008
  1.53161090961014908E-008
  1.52306735949186008E-008
  1.51457146036775660E-008
  1.50612293122866963E-008
  1.49772154380122098E-008
  1.48936702242480237E-008
  1.48105911638493516E-008
  1.47279754257633972E-008
  1.46458205547860810E-008
  1.45641238016689249E-008
  1.44828832013538983E-008
  1.44020954560471737E-008
  1.43217584113642604E-008
  1.42418691950139661E-008
  1.41624257366162348E-008
  1.40834255158843884E-008
  1.40048660748903905E-008
  1.39267446367346386E-008
  1.38490590863208706E-008
  1.37718068909392510E-008
  1.36949857815045111E-008
  1.36185928867077323E-008
  1.35426262975227620E-008
  1.34670836389643536E-008
  1.33919622773050670E-008
  1.33172597157244945E-008
  1.32429739995011934E-008
  1.31691024042602067E-008
  1.30956429976300256E-008
  1.30225932612201264E-008
  1.29499513532046271E-008
  1.28777145378463829E-008
  1.28058806157441528E-008
  1.27344474019720486E-008
  1.26634127682371048E-008
  1.25927742028197378E-008
  1.25225296436696948E-008
  1.24526770827567422E-008
  1.23832144027459928E-008
  1.23141389252674559E-008
  1.22454489232460820E-008
  1.21771419584433950E-008
  1.21092160341683848E-008
  1.20416689330922586E-008
  1.19744987982405591E-008
  1.19077033896357160E-008
  1.18412806863964640E-008
  1.17752284452901912E-008
  1.17095447476921644E-008
  1.16442271972457942E-008
  1.15792740348037205E-008
  1.15146830985095139E-008
  1.14504524655012417E-008
  1.13865800733120050E-008
  1.13230641086274711E-008
  1.12599022201181093E-008
  1.11970927925128763E-008
  1.11346336257809639E-008
  1.10725230413366102E-008
  1.10107588964484547E-008
  1.09493392058018910E-008
  1.08882621651223535E-008
  1.08275261042270556E-008
  1.07671283231656969E-008
  1.07070674360206381E-008
  1.06473416484908204E-008
  1.05879491986809685E-008
  1.05288881558529971E-008
  1.04701564714616111E-008
  1.04117523475356855E-008
  1.03536740194124830E-008
  1.02959195566260542E-008
  1.02384874455637173E-008
  1.01813755281483880E-008
  1.01245823471225874E-008
  1.00681060466340047E-008
  1.00119448517451331E-008
  9.95609673627172858E-009
 p0sum2 = 
   50783.394070393086     
 psum2 = 
   50783.394836837295     
 pdif =
  8.94438568169010510E-009
 a0sum2 = 
   615.79624318485628     
 asum2 = 
   615.79624423712846     
 adif =
  1.01171105458162389E-009
